-10442 -10171  0
-9770 -9348  0
-10715 -10331  0
-10355 -10396  0
-9902 -10563  0
-9528 -9875  0
-10540 -10812  0
-9548 -9298  0
-10431 -9498  0
-9956 -9087  0
-9438 -10268  0
-7624 -8026  1
-8836 -7126  1
-8413 -7486  1
-8442 -7328  1
-8679 -7393  1
-8799 -8079  1
-8403 -7249  1
-8864 -7797  1
-8457 -7316  1
-8867 -7353  1
-7149 -8526  1
-7653 -7866  1
-8393 -8295  1
-8215 -8905  1
-6833 -6945  2
-6193 -6569  2
-6661 -5359  2
-5802 -6694  2
-6447 -6575  2
-6028 -6343  2
-5413 -6202  2
-5016 -6634  2
-5100 -6350  2
-6507 -5923  2
-6856 -6997  2
-5903 -6648  2
-6385 -5237  2
-3469 -3849  3
-3527 -4365  3
-3237 -3082  3
-3786 -3012  3
-4131 -3144  3
-3002 -3279  3
-4586 -3901  3
-4600 -4820  3
-4006 -4430  3
-3116 -4578  3
-3410 -3014  3
-4951 -3689  3
-3343 -4085  3
-2737 -2895  4
-1550 -1808  4
-1498 -1541  4
-2924 -2510  4
-2719 -2859  4
-2549 -1868  4
-1703 -1064  4
-1493 -2900  4
-1681 -1146  4
-2190 -2382  4
-2789 -2522  4
-1996 -2791  4
-2460 -1881  4
-1931 -3000  4
291 -666  5
-354 -606  5
305 -890  5
569 994  5
708 -127  5
-886 -197  5
570 908  5
-925 703  5
-794 801  5
-107 812  5
-139 707  5
793 168  5
2001 1849  6
2917 2100  6
2511 2271  6
2994 2881  6
2380 1442  6
2788 2111  6
1464 2757  6
2086 1292  6
2947 2772  6
1856 2087  6
1245 2268  6
2656 2622  6
1192 1700  6
1491 1295  6
1480 1863  6
4720 3673  7
3553 3290  7
3608 3454  7
3345 4203  7
3692 4524  7
4811 4513  7
4477 3268  7
4496 4649  7
4335 4942  7
3378 3995  7
3440 3527  7
3673 4867  7
4595 3022  7
6926 5114  8
6267 6012  8
6036 6559  8
6228 5582  8
5235 6906  8
6416 5268  8
5783 5215  8
6980 5785  8
5554 6043  8
6028 6394  8
6476 6910  8
5984 6065  8
7657 7653  9
7265 8133  9
8287 7258  9
8167 8956  9
8792 7492  9
8847 7846  9
8968 8702  9
7472 7324  9
7467 7198  9
8794 7905  9
7348 7457  9
7712 7658  9
7536 7508  9
