-9215 -6066 
-8774 -6139 
-8852 -5684 
-8839 -6164 
-8951 -6272 
-9158 -6022 
-8857 -5989 
-9076 -5989 
-8737 -6186 
-8767 -5857 
-9242 -6102 
-8780 -6169 
-8756 -6265 
-9211 -5810 
-9107 -5951 
-9199 -6225 
-9183 -5887 
-8794 -6311 
-9071 -5693 
-9288 -6076 
-8828 -6088 
-9210 -5872 
-9205 -6082 
-8813 -5963 
-8932 -5875 
-6203 3007 
-5978 2732 
-5800 2981 
-5969 2791 
-6184 2977 
-5985 2861 
-6203 3327 
-6067 3240 
-6181 3228 
-6075 3115 
-5710 2797 
-5990 3249 
-6243 3243 
-5767 2996 
-5968 3127 
-5803 2995 
-6055 3327 
-6257 3075 
-6082 2784 
-6130 2879 
-5814 3096 
-5983 2877 
-5821 2911 
291 -6175 
298 -5845 
-101 -6187 
8 -6196 
-217 -5983 
42 -5999 
-253 -6329 
260 -6082 
333 -6024 
124 -6061 
-291 -5978 
332 -5860 
-187 -5863 
-310 -5994 
207 -5896 
-205 -5671 
-86 -6018 
-291 -6111 
147 -5947 
93 -6256 
148 -5760 
93 -6096 
233 -5972 
