-10442 -10171 
-9770 -9348 
-10715 -10331 
-10355 -10396 
-9902 -10563 
-9528 -9875 
-10540 -10812 
-9548 -9298 
-10431 -9498 
-9956 -9087 
-9438 -10268 
-7624 -8026 
-8836 -7126 
-8413 -7486 
-8442 -7328 
-8679 -7393 
-8799 -8079 
-8403 -7249 
-8864 -7797 
-8457 -7316 
-8867 -7353 
-7149 -8526 
-7653 -7866 
-8393 -8295 
-8215 -8905 
-6833 -6945 
-6193 -6569 
-6661 -5359 
-5802 -6694 
-6447 -6575 
-6028 -6343 
-5413 -6202 
-5016 -6634 
-5100 -6350 
-6507 -5923 
-6856 -6997 
-5903 -6648 
-6385 -5237 
-3469 -3849 
-3527 -4365 
-3237 -3082 
-3786 -3012 
-4131 -3144 
-3002 -3279 
-4586 -3901 
-4600 -4820 
-4006 -4430 
-3116 -4578 
-3410 -3014 
-4951 -3689 
-3343 -4085 
-2737 -2895 
-1550 -1808 
-1498 -1541 
-2924 -2510 
-2719 -2859 
-2549 -1868 
-1703 -1064 
-1493 -2900 
-1681 -1146 
-2190 -2382 
-2789 -2522 
-1996 -2791 
-2460 -1881 
-1931 -3000 
291 -666 
-354 -606 
305 -890 
569 994 
708 -127 
-886 -197 
570 908 
-925 703 
-794 801 
-107 812 
-139 707 
793 168 
2001 1849 
2917 2100 
2511 2271 
2994 2881 
2380 1442 
2788 2111 
1464 2757 
2086 1292 
2947 2772 
1856 2087 
1245 2268 
2656 2622 
1192 1700 
1491 1295 
1480 1863 
4720 3673 
3553 3290 
3608 3454 
3345 4203 
3692 4524 
4811 4513 
4477 3268 
4496 4649 
4335 4942 
3378 3995 
3440 3527 
3673 4867 
4595 3022 
6926 5114 
6267 6012 
6036 6559 
6228 5582 
5235 6906 
6416 5268 
5783 5215 
6980 5785 
5554 6043 
6028 6394 
6476 6910 
5984 6065 
7657 7653 
7265 8133 
8287 7258 
8167 8956 
8792 7492 
8847 7846 
8968 8702 
7472 7324 
7467 7198 
8794 7905 
7348 7457 
7712 7658 
7536 7508 
