6.0 -138.0
4.0 -70.7535357014
8.0 -234.127407494
5.0 -99.2799675867
9.0 -285.0
9.0 -279.678271226
2.0 -26.6654005504
10.0 -369.53640683
10.0 -316.245569029
5.0 -101.0
5.0 -107.345370085
2.0 -26.0
6.0 -138.0
8.0 -240.886267595
3.0 -43.4173703901
5.0 -91.4155869646
5.0 -101.0
6.0 -134.801258431
6.0 -133.33316826
2.0 -27.8227253974
5.0 -96.5430029453
7.0 -185.979350472
5.0 -107.597865045
4.0 -67.9186819522
5.0 -101.0
4.0 -76.8858006024
10.0 -323.436228174
7.0 -181.0
4.0 -68.6065547379
3.0 -40.5740053838
