-9215 -6066  0
-8774 -6139  0
-8852 -5684  0
-8839 -6164  0
-8951 -6272  0
-9158 -6022  0
-8857 -5989  0
-9076 -5989  0
-8737 -6186  0
-8767 -5857  0
-9242 -6102  0
-8780 -6169  0
-8756 -6265  0
-9211 -5810  0
-9107 -5951  0
-9199 -6225  0
-9183 -5887  0
-8794 -6311  0
-9071 -5693  0
-9288 -6076  0
-8828 -6088  0
-9210 -5872  0
-9205 -6082  0
-8813 -5963  0
-8932 -5875  0
-6203 3007  1
-5978 2732  1
-5800 2981  1
-5969 2791  1
-6184 2977  1
-5985 2861  1
-6203 3327  1
-6067 3240  1
-6181 3228  1
-6075 3115  1
-5710 2797  1
-5990 3249  1
-6243 3243  1
-5767 2996  1
-5968 3127  1
-5803 2995  1
-6055 3327  1
-6257 3075  1
-6082 2784  1
-6130 2879  1
-5814 3096  1
-5983 2877  1
-5821 2911  1
291 -6175  2
298 -5845  2
-101 -6187  2
8 -6196  2
-217 -5983  2
42 -5999  2
-253 -6329  2
260 -6082  2
333 -6024  2
124 -6061  2
-291 -5978  2
332 -5860  2
-187 -5863  2
-310 -5994  2
207 -5896  2
-205 -5671  2
-86 -6018  2
-291 -6111  2
147 -5947  2
93 -6256  2
148 -5760  2
93 -6096  2
233 -5972  2
